Synthetic-1
	23.196741244268022
	[0.1303863  0.05355882]

	6.644126060543652
	[1.03195082 0.00625258 1.06209937]

	4.372608320824072
	[1.0496417  0.00471444 1.06209937 0.02250303 0.26904155]

	14.089190506856069
	[0.02184589  0.94291828  1.00103564  0.89806724  0.96113554  0.80711582 -0.18165886 -0.33151272] overfit??


Synthetic-2:
	49.70453019671812
	[0.1303863  0.05355882]

	51.73014502350188
	[0.22115549 0.2138444  0.26373176]

	41.7412902247059
	[-0.54140065  0.48168128 -0.27298078 -0.03292346 -0.09983796]

	25.648535118892763
	[-1.06850255  1.2811347  -0.18763978  1.35401293  0.10015698  0.69093328 0.00479627 -0.39636938]


Synthetic-3:

	Polynomial degree 1: [0.05289785, 0.04852937] MSE: 0.6520023569162189
	Polynomial degree 2: [0.05569811, 0.05142256, 0.00289319] MSE: 0.6503798377556749
	Polynomial degree 4: [0.00397082, 0.01470676, 0.01470676, 0.01470676, 0.01470676] MSE: 0.6396464174187233
	Polynomial degree 7: [0.00435268, 0.0016934, 0.0016934, 0.0016934, 0.0016934, 0.0016934, 0.0016934, 0.0016934] MSE: 0.6546339309535724s
